73.0
110.27
100.0
58.0
79.0
138.7
201.4
87.0
40.0
51.0
48.0
85.0
76.0
56.0
38.0
70.0
103.0
56.44
69.0
47.39
50.0
64.0
96.0
46.0
44.0
100.0
240.0
72.1
75.0
78.0
126.0
93.0
63.0
44.0
67.92
52.0
99.0
96.0
65.0
50.0
76.0
45.3
99.0
74.7
59.0
73.0
62.0
76.0
76.0
210.0
33.0
66.8
62.0
102.1
110.0
51.0
44.0
91.0
28.0
56.0
67.3
100.0
82.0
122.0
45.0
75.0
34.0
46.0
100.0
99.0
75.0
62.0
76.0
210.0
33.0
66.8
62.0
102.1
110.0
51.0
44.0
91.0
28.0
56.0
67.3
100.0
82.0
122.0
45.0
75.0
34.0
46.0
100.0
99.0
75.0
62.0
72.0
116.3
159.0
76.0
47.32
44.0
95.0
240.0
36.0
50.0
71.0
60.51
80.66
123.0
74.0
81.0
43.0
84.0
46.0
55.0
136.0
21.31
136.0
41.0
71.0
57.0
149.0
50.0
75.0
92.0
60.0
70.99
60.51
55.0
83.0
55.0
36.0
65.0
112.0
50.0
68.0
85.0
51.0
46.0
207.0
130.0
81.0
41.0
50.0
54.0
83.0
81.0
44.0
90.0
79.0
43.0
51.0
126.1
54.9
110.0
106.0
72.0
122.0
67.0
273.0
83.0
45.0
74.6
26.9
49.0
84.1
183.0
48.3
76.0
160.0
40.82
59.5
73.0
46.79
44.0
75.0
60.0
34.0
65.0
190.0
240.0
85.0
48.0
75.0
60.0
49.7
47.18
50.0
71.0
30.34
68.0
44.0
48.0
46.0
63.9
92.48
63.0
71.0
35.0
48.0
56.0
206.0
172.0
45.0
85.0
49.0
193.0
41.3
43.0
350.0
127.0
77.9
180.0
54.54
0.0
60.0
60.0
174.0
73.0
93.0
73.2
140.0
50.0
88.0
47.8
43.0
72.0
247.0
250.0
67.0
81.0
33.0
58.3
93.0
109.0
70.05
55.0
88.0
44.2
150.0
87.0
275.0
80.0
54.0
43.0
94.0
42.0
33.8
116.0
76.0
59.0
200.0
70.0
75.5
150.0
162.0
45.0
62.0
75.0
90.4
70.0
95.0
555.0
37.62
93.0
55.0
102.0
94.0
41.0
77.5
87.98
65.91
67.0
127.24
31.0
87.0
82.0
50.0
40.0
70.0
75.0
96.0
56.0
43.0
119.0
43.0
22.0
105.0
44.0
69.0
45.0
95.0
28.0
40.0
161.0
100.0
65.0
213.0
62.0
63.0
90.0
39.0
73.0
34.0
50.0
39.0
55.0
58.0
52.0
92.0
68.0
84.7
65.0
145.0
58.0
76.0
46.0
88.0
93.3
41.6
58.0
52.0
70.0
65.0
47.0
79.0
34.0
98.0
50.0
70.0
45.0
150.0
66.0
65.0
130.0
70.0
60.0
78.0
53.0
65.0
87.3
69.0
61.0
81.0
57.0
48.0
47.0
93.0
49.0
66.25
72.0
65.0
49.0
31.0
41.0
53.0
77.0
100.0
55.0
58.0
52.0
312.0
87.0
145.0
50.0
125.0
43.0
130.0
81.0
208.0
306.0
54.0
105.0
69.0
66.0
67.0
46.0
104.0
55.0
92.0
86.0
87.0
43.2
86.74
90.77
48.6
86.38
51.0
250.0
25.0
42.0
46.0
127.0
46.0
66.0
122.8
70.0
81.0
54.9
41.3
85.0
79.0
83.0
38.0
160.0
37.0
198.3
108.0
150.0
72.0
130.9
41.0
53.0
43.0
46.5
71.0
56.0
118.0
80.0
85.0
104.0
60.27
47.3
31.0
90.0
104.0
46.0
103.0
38.0
111.0
90.0
55.8
79.0
74.0
46.0
49.0
76.0
103.0
46.5
110.0
70.0
95.09
60.0
93.0
130.0
25.0
55.0
171.0
43.0
48.0
87.0
53.0
84.0
46.0
52.0
91.0
65.0
82.0
88.0
41.0
150.0
73.0
81.0
50.0
37.0
60.0
30.0
63.0
213.0
73.7
45.1
87.0
68.0
103.0
79.97
91.0
64.0
61.0
94.0
111.0
46.0
40.0
70.0
84.0
53.0
80.0
70.0
137.0
51.0
52.0
248.0
52.0
74.0
108.0
111.1
123.89
55.0
67.0
70.0
88.0
24.0
42.8
96.19
46.0
250.0
37.0
51.0
61.0
110.0
64.0
32.1
110.0
51.0
70.0
45.0
74.2
70.0
41.08
80.0
40.0
54.0
98.0
185.0
48.75
73.0
110.0
40.0
165.0
74.0
57.0
70.0
86.72
78.0
58.7
92.0
54.0
85.0
350.0
80.1
170.0
48.0
55.0
230.0
155.72
81.6
91.2
120.3
29.0
67.0
72.0
55.0
47.24
49.31
62.0
130.0
67.0
42.0
74.0
88.0
49.0
42.0
49.0
55.0
42.0
142.0
50.0
32.0
44.0
52.0
156.0
123.0
165.0
66.0
82.2
41.0
42.0
61.0
80.0
119.0
53.0
63.0
43.0
86.0
120.0
108.0
94.0
115.0
36.25
55.0
62.0
53.0
48.5
122.0
90.0
55.0
40.0
46.0
340.0
41.0
47.0
55.0
79.0
65.0
32.0
63.0
50.0
36.0
35.0
52.0
50.0
165.0
71.0
110.0
102.0
80.0
60.0
70.0
80.0
84.0
72.0
96.0
32.0
113.0
119.0
61.0
75.0
54.83
82.0
98.0
32.0
37.0
96.0
74.0
54.0
88.0
125.2
65.0
50.0
100.0
125.0
55.0
55.0
49.0
51.89
55.0
60.4
130.0
40.0
56.0
75.0
98.0
58.4
51.0
32.0
308.0
30.0
90.0
61.0
105.0
32.0
27.0
37.0
76.0
75.0
65.0
114.0
152.0
115.0
89.0
70.0
84.2
157.6
85.0
83.0
119.0
100.0
42.0
44.0
262.0
125.0
35.0
51.0
66.0
68.0
70.0
113.0
66.2
108.0
46.0
60.0
125.0
58.0
198.5
120.0
68.0
42.0
69.0
86.0
32.0
144.3
52.0
92.0
60.0
81.09
189.0
59.0
69.0
48.0
62.0
87.0
83.0
65.0
37.0
56.0
64.0
78.0
64.0
37.0
117.0
45.0
42.0
115.0
52.1
76.0
115.0
40.22
59.62
44.0
90.0
68.0
46.22
106.2
85.0
130.0
45.0
46.0
40.95
112.0
55.2
86.2
55.0
41.0
75.0
125.0
124.14
78.9
158.0
44.0
48.0
61.0
66.0
133.0
47.0
135.0
35.0
44.0
64.8
41.0
51.0
55.0
81.0
82.0
89.0
44.3
44.0
358.0
95.0
68.0
112.0
38.0
44.0
72.4
40.0
70.0
57.51
63.0
42.0
120.0
120.0
70.0
160.0
53.0
222.0
104.0
44.0
47.0
200.3
72.0
31.0
66.0
120.0
95.0
112.0
50.0
126.0
